1,465,405,375,400,345,395,345,390,345,385,340,380,340,375,1655,375,1655,380,1655,385,1655,390,1655,395,1655,400,830,1405
2,1020,445,340,440,340,435,340,430,340,425,340,420,355,415,1655,415,1655,420,1680,425,1680,430,1680,435,1680,440,1285,2445
3,380,490,340,485,340,480,340,475,340,470,340,465,370,460,995,455,1505,455,1645,460,1675,465,1680,470,1680,475,1680,480,1675,485,1370,3490
4,865,535,345,530,340,525,340,520,340,515,340,510,360,505,360,500,1860,500,1860,505,1680,510,1680,515,1675,520,1675,525,1670,530,1665,4535
5,520,580,515,575,340,570,340,565,340,560,340,555,415,550,425,545,995,545,995,550,995,555,970,560,980,565,980,570,530,575,525,5580
6,875,930,845,925,820,920,815,915,815,910,815,905,815,900,815,895,820,890,825,885,830,880,885,875,885,870,890,865,510,860,505,855,505,850,505,845,505,840,510,835,510,830,510,825,450,820,240,815,240,810,240,805,240,800,240,795,240,790,245,785,245,780,245,775,245,770,245,765,245,760,250,755,250,750,250,745,250,740,250,735,255,730,255,725,255,720,255,715,255,710,260,710,260,715,310,720,310,725,925,730,930,735,930,740,930,745,1680,750,1680,755,1675,760,1670,765,1670,770,1665,775,1660,780,1660,785,1660,790,1720,795,1725,800,1695,805,1650,810,1650,815,1650,820,1320,825,1320,830,1315,835,1315,840,1315,845,1310,850,1310,855,1305,860,1305,865,1300,870,1300,875,1295,880,1295,885,900,890,905,895,915,900,920,905,915,910,925,915,925,920,915,925,890,6930
7,1310,985,1310,980,1310,975,765,970,765,965,765,960,765,955,765,950,770,945,770,940,770,935,770,930,445,925,295,920,275,915,255,910,255,905,260,900,260,895,260,890,265,885,265,880,265,875,270,870,270,865,270,860,270,855,270,850,270,845,295,840,300,835,300,830,310,830,310,835,310,840,310,845,800,850,1005,855,1590,860,1590,865,1685,870,1690,875,1690,880,1685,885,1680,890,1675,895,1700,900,1710,905,1710,910,1660,915,1660,920,1660,925,1665,930,1665,935,1325,940,1325,945,1320,950,1320,955,1320,960,1320,965,1315,970,1315,975,1315,980,1315,7985
8,1055,1080,1055,1075,1055,1070,1055,1065,1060,1060,320,1055,280,1050,255,1045,255,1040,255,1035,255,1030,260,1025,260,1020,260,1015,260,1010,260,1005,260,1000,260,995,265,990,395,985,395,980,395,975,980,970,1190,965,1215,965,1635,970,1635,975,1770,980,1770,985,1765,990,1760,995,1760,1000,1760,1005,1755,1010,1755,1015,1755,1020,1760,1025,1760,1030,1755,1035,1750,1040,1745,1045,1740,1050,1740,1055,1735,1060,1735,1065,1060,1070,1060,1075,1060,81080
9,620,1295,620,1290,590,1285,590,1280,595,1275,595,1270,600,1265,600,1260,605,1255,605,1250,610,1245,610,1240,610,1235,615,1230,615,1225,615,1220,615,1215,625,1210,625,1205,625,1200,625,1195,630,1190,290,1185,290,1180,230,1175,230,1170,235,1165,240,1160,240,1155,245,1150,250,1145,255,1140,295,1135,300,1130,300,1125,305,1120,305,1115,305,1110,1085,1105,1090,1100,1095,1095,1100,1095,1105,1100,1105,1105,1815,1110,1815,1115,1800,1120,1795,1125,1795,1130,1795,1135,1790,1140,1790,1145,1790,1150,1790,1155,1785,1160,1780,1165,1780,1170,1780,1175,1600,1180,1320,1185,1315,1190,1315,1195,1310,1200,1310,1205,1310,1210,1305,1215,1305,1220,1370,1225,1370,1230,1365,1235,1365,1240,1360,1245,1360,1250,1355,1255,1355,1260,1350,1265,1360,1270,1385,1275,1380,1280,1380,1285,1380,1290,1360,91295
10,895,1410,895,1405,900,1400,905,1395,905,1390,910,1385,910,1380,905,1375,900,1370,900,1365,920,1360,925,1355,925,1350,810,1345,810,1340,810,1335,810,1330,815,1325,815,1320,820,1315,830,1310,835,1305,835,1300,805,1295,790,1290,520,1285,275,1280,240,1275,240,1270,240,1265,235,1260,240,1255,245,1250,250,1245,255,1240,395,1235,395,1230,395,1225,395,1220,400,1215,400,1210,400,1205,400,1200,405,1200,405,1205,405,1210,900,1215,900,1220,900,1225,895,1230,1145,1235,1410,1240,1410,1245,1730,1250,1730,1255,1720,1260,1715,1265,1785,1270,1790,1275,1770,1280,1820,1285,1820,1290,1805,1295,1735,1300,1710,1305,1445,1310,1445,1315,1440,1320,1435,1325,1435,1330,1430,1335,1425,1340,1420,1345,1415,1350,1115,1355,1115,1360,1115,1365,1110,1370,1125,1375,1120,1380,1105,1385,1105,1390,1100,1395,1100,1400,1095,1405,1070,101410
11,1410,1550,1385,1545,1385,1540,1385,1535,1390,1530,1390,1525,1395,1520,1395,1515,1400,1510,1400,1505,1405,1500,1505,1495,1505,1490,1505,1485,1505,1480,1515,1475,760,1470,760,1465,760,1460,760,1455,760,1450,760,1445,760,1440,765,1435,770,1430,775,1425,240,1420,220,1415,225,1410,225,1405,225,1400,230,1395,230,1390,230,1385,230,1380,235,1375,235,1370,235,1365,235,1360,240,1355,240,1350,270,1345,270,1340,275,1335,275,1335,1395,1340,1395,1345,1390,1350,1390,1355,1510,1360,1845,1365,1840,1370,1840,1375,1835,1380,1835,1385,1830,1390,1825,1395,1825,1400,1820,1405,1825,1410,1825,1415,1775,1420,1630,1425,1565,1430,1565,1435,1560,1440,1555,1445,1555,1450,1550,1455,1545,1460,1540,1465,1540,1470,1535,1475,1530,1480,1525,1485,1510,1490,1510,1495,1510,1500,1600,1505,1600,1510,1585,1515,1585,1520,1585,1525,1590,1530,1585,1535,1585,1540,1575,1545,1485,111550
12,845,1585,845,1580,845,1575,845,1570,845,1565,845,1560,850,1555,850,1550,850,1545,695,1540,285,1535,285,1530,285,1525,240,1520,235,1515,235,1510,235,1505,225,1500,225,1495,230,1490,240,1485,245,1480,245,1475,245,1470,250,1465,250,1460,255,1455,260,1450,265,1445,315,1440,320,1440,910,1445,915,1450,915,1455,915,1460,1110,1465,1115,1470,1355,1475,1355,1480,1780,1485,1780,1490,1780,1495,1775,1500,1770,1505,1770,1510,1770,1515,1765,1520,1765,1525,1765,1530,1765,1535,1765,1540,1770,1545,1765,1550,1725,1555,865,1560,860,1565,860,1570,855,1575,855,1580,850,121585
13,420,1885,410,1880,410,1875,415,1870,415,1865,415,1860,420,1855,420,1850,415,1845,420,1840,420,1835,425,1830,430,1825,420,1820,420,1815,420,1810,420,1805,420,1800,425,1795,430,1790,430,1785,435,1780,445,1775,440,1770,420,1765,415,1760,415,1755,415,1750,415,1745,420,1740,420,1735,420,1730,425,1725,425,1720,430,1715,435,1710,435,1705,440,1700,450,1695,450,1690,455,1685,455,1680,455,1675,460,1670,460,1665,460,1660,465,1655,250,1650,250,1645,250,1640,230,1635,230,1630,230,1625,230,1620,235,1615,235,1610,240,1605,240,1600,240,1595,240,1590,245,1585,245,1580,250,1575,250,1570,250,1565,255,1560,255,1555,295,1555,295,1560,1020,1565,1020,1570,1020,1575,1020,1580,1020,1585,1270,1590,1515,1595,1520,1600,1520,1605,1825,1610,1825,1615,1815,1620,1810,1625,1810,1630,1805,1635,1800,1640,1800,1645,1805,1650,1800,1655,1795,1660,1790,1665,1795,1670,1795,1675,1670,1680,1450,1685,1445,1690,1440,1695,1435,1700,1430,1705,1425,1710,1345,1715,1340,1720,1335,1725,435,1730,455,1735,455,1740,450,1745,465,1750,465,1755,460,1760,460,1765,460,1770,455,1775,455,1780,455,1785,450,1790,450,1795,450,1800,450,1805,445,1810,445,1815,445,1820,445,1825,445,1830,440,1835,485,1840,485,1845,495,1850,495,1855,495,1860,500,1865,500,1870,485,1875,425,1880,425,131885
14,880,1850,880,1845,880,1840,880,1835,885,1830,885,1825,890,1820,895,1815,900,1810,905,1805,915,1800,925,1795,930,1790,930,1785,935,1780,570,1775,195,1770,195,1765,210,1760,215,1755,215,1750,215,1745,210,1740,210,1735,210,1730,210,1725,210,1720,215,1715,220,1710,230,1705,310,1700,315,1695,325,1690,330,1685,370,1685,375,1690,665,1695,1385,1700,1380,1705,1780,1710,1780,1715,1780,1720,1780,1725,1775,1730,1770,1735,1765,1740,1760,1745,1755,1750,1750,1755,1750,1760,1750,1765,1750,1770,1750,1775,1745,1780,1770,1785,1765,1790,1750,1795,1740,1800,1740,1805,1735,1810,1730,1815,1730,1820,1725,1825,1455,1830,1450,1835,1445,1840,900,1845,895,141850
15,635,1955,630,1950,630,1945,630,1940,630,1935,630,1930,635,1925,635,1920,635,1915,640,1910,640,1905,645,1900,645,1895,650,1890,235,1885,235,1880,215,1875,215,1870,215,1865,215,1860,220,1855,225,1850,225,1845,225,1840,225,1835,230,1830,230,1825,230,1820,235,1815,235,1810,235,1805,235,1800,240,1795,245,1790,275,1790,375,1795,385,1800,775,1805,775,1810,960,1815,965,1820,970,1825,970,1830,970,1835,965,1840,965,1845,830,1850,825,1855,825,1860,905,1865,900,1870,880,1875,875,1880,875,1885,875,1890,875,1895,875,1900,655,1905,655,1910,650,1915,650,1920,650,1925,650,1930,650,1935,645,1940,645,1945,640,1950,640,151955
