1,1180,830,1100,825,435,820,435,815,430,810,430,805,425,800,425,795,425,790,345,785,340,780,335,775,330,770,330,765,335,760,345,755,360,750,365,745,365,740,365,735,340,730,340,725,345,720,350,715,355,710,360,705,360,700,365,695,370,690,370,685,380,685,375,690,375,695,370,700,370,705,370,710,370,715,370,720,370,725,1605,730,1610,735,1605,740,1605,745,1700,750,1700,755,1700,760,1695,765,1710,770,1710,775,1710,780,1710,785,1710,790,1545,795,1275,800,1270,805,1250,810,1250,815,1245,820,1185,825,1185,1830
2,945,950,940,945,450,940,445,935,445,930,445,925,445,920,445,915,445,910,325,905,315,900,315,895,345,890,340,885,335,880,330,875,330,870,335,865,340,860,365,855,365,850,365,845,365,840,370,835,655,835,655,840,650,845,1425,850,1430,855,1430,860,1530,865,1525,870,1525,875,1580,880,1680,885,1680,890,1675,895,1715,900,1720,905,1710,910,1705,915,1705,920,1705,925,1705,930,1555,935,1550,940,1545,945,945,2950
3,1055,1070,1050,1065,1050,1060,1050,1055,450,1050,450,1045,450,1040,450,1035,455,1030,455,1025,325,1020,325,1015,325,1010,320,1005,320,1000,315,995,315,990,330,985,330,980,330,975,330,970,330,965,330,960,330,955,335,950,335,945,340,945,365,950,370,955,1100,960,1105,965,1105,970,1105,975,1360,980,1565,985,1675,990,1675,995,1675,1000,1670,1005,1665,1010,1660,1015,1655,1020,1655,1025,1650,1030,1650,1035,1675,1040,1670,1045,1655,1050,1645,1055,1645,1060,1645,1065,1060,31070
4,590,1200,590,1195,585,1190,585,1185,585,1180,590,1175,590,1170,335,1165,330,1160,330,1155,330,1150,330,1145,330,1140,330,1135,330,1130,340,1125,370,1120,680,1115,680,1110,685,1105,690,1100,690,1095,1025,1090,1030,1085,1030,1080,1035,1080,1035,1085,1035,1090,1050,1095,1675,1100,1680,1105,1680,1110,1680,1115,1755,1120,1755,1125,1740,1130,1740,1135,1735,1140,1745,1145,1745,1150,1760,1155,1760,1160,1760,1165,1755,1170,1760,1175,1760,1180,1755,1185,1750,1190,1745,1195,1745,41200
5,1130,1315,1125,1310,1125,1305,520,1300,520,1295,520,1290,375,1285,315,1280,315,1275,320,1270,320,1265,320,1260,320,1255,325,1250,330,1245,365,1240,365,1235,365,1230,370,1225,920,1220,1335,1215,1340,1215,1335,1220,1335,1225,1670,1230,1670,1235,1665,1240,1665,1245,1660,1250,1660,1255,1670,1260,1670,1265,1660,1270,1660,1275,1345,1280,1140,1285,1135,1290,1135,1295,1135,1300,1135,1305,1130,1310,1130,51315
6,925,1455,920,1450,920,1445,480,1440,475,1435,475,1430,475,1425,475,1420,475,1415,395,1410,390,1405,325,1400,320,1395,320,1390,320,1385,315,1380,315,1375,320,1370,330,1365,335,1360,335,1355,340,1350,340,1345,345,1340,345,1335,345,1330,1690,1330,1690,1335,1685,1340,1760,1345,1760,1350,1750,1355,1745,1360,1745,1365,1740,1370,1760,1375,1775,1380,1775,1385,1800,1390,1795,1395,1790,1400,1780,1405,1725,1410,1630,1415,1625,1420,1610,1425,1595,1430,1595,1435,1590,1440,930,1445,930,1450,930,61455
7,525,1565,525,1560,520,1555,520,1550,520,1545,400,1540,400,1535,400,1530,400,1525,405,1520,315,1515,315,1510,315,1505,315,1500,315,1495,345,1490,345,1485,325,1480,320,1475,320,1470,320,1465,850,1460,850,1455,1610,1455,1610,1460,1605,1465,1605,1470,1600,1475,1735,1480,1735,1485,1730,1490,1725,1495,1720,1500,1715,1505,1715,1510,1715,1515,1715,1520,1495,1525,1505,1530,1505,1535,1500,1540,1485,1545,1485,1550,1480,1555,1480,1560,530,71565
8,1460,1690,1455,1685,1455,1680,1085,1675,1085,1670,1080,1665,1080,1660,1085,1655,1085,1650,1090,1645,930,1640,325,1635,330,1630,335,1625,330,1620,330,1615,330,1610,330,1605,335,1600,340,1595,455,1590,460,1585,590,1580,590,1575,735,1570,735,1565,740,1565,740,1570,740,1575,1125,1580,1125,1585,1410,1590,1730,1595,1730,1600,1730,1605,1725,1610,1725,1615,1720,1620,1720,1625,1720,1630,1715,1635,1715,1640,1715,1645,1480,1650,1480,1655,1480,1660,1475,1665,1475,1670,1475,1675,1470,1680,1470,1685,1465,81690
9,945,1810,940,1805,940,1800,940,1795,940,1790,790,1785,790,1780,795,1775,795,1770,795,1765,795,1760,365,1755,325,1750,320,1745,315,1740,315,1735,310,1730,310,1725,325,1720,325,1715,325,1710,325,1705,325,1700,325,1695,325,1690,325,1685,330,1680,330,1680,335,1685,505,1690,1645,1695,1650,1700,1650,1705,1650,1710,1645,1715,1645,1720,1635,1725,1630,1730,1630,1735,1630,1740,1635,1745,1630,1750,1625,1755,1620,1760,1620,1765,1620,1770,1620,1775,1615,1780,1615,1785,1615,1790,1615,1795,1615,1800,1610,1805,955,91810
10,1130,1925,665,1920,365,1915,360,1910,355,1905,355,1900,360,1895,365,1890,365,1885,365,1880,305,1875,300,1870,300,1865,300,1860,300,1855,300,1850,300,1845,495,1840,500,1835,625,1830,630,1825,1390,1820,1395,1815,1630,1810,1635,1805,1640,1800,1645,1800,1645,1805,1645,1810,1645,1815,1640,1820,1640,1825,1635,1830,1635,1835,1630,1840,1645,1845,1650,1850,1660,1855,1660,1860,1660,1865,1690,1870,1685,1875,1680,1880,1610,1885,1610,1890,1610,1895,1605,1900,1605,1905,1600,1910,1140,1915,1135,1920,1135,101925
11,1580,2050,1580,2045,320,2040,320,2035,315,2030,315,2025,315,2020,315,2015,315,2010,320,2005,325,2000,325,1995,305,1990,300,1985,300,1980,295,1975,295,1970,295,1965,300,1960,675,1955,675,1950,695,1945,700,1940,705,1935,715,1930,720,1925,725,1925,1080,1930,1080,1935,1080,1940,1080,1945,1390,1950,1390,1955,1385,1960,1380,1965,1520,1970,1520,1975,1555,1980,1575,1985,1595,1990,1595,1995,1595,2000,1595,2005,1595,2010,1595,2015,1595,2020,1605,2025,1600,2030,1595,2035,1590,2040,1590,2045,1590,112050
12,1065,2175,1060,2170,1060,2165,1060,2160,1060,2155,1065,2150,1070,2145,1075,2140,1080,2135,1080,2130,1080,2125,925,2120,465,2115,315,2110,310,2105,310,2100,310,2095,310,2090,310,2085,315,2080,335,2075,645,2070,645,2065,645,2060,645,2055,650,2050,650,2045,650,2040,655,2035,655,2035,1550,2040,1545,2045,1545,2050,1545,2055,1540,2060,1540,2065,1540,2070,1540,2075,1535,2080,1575,2085,1600,2090,1620,2095,1620,2100,1615,2105,1635,2110,1635,2115,1635,2120,1635,2125,1085,2130,1085,2135,1085,2140,1080,2145,1080,2150,1080,2155,1080,2160,1075,2165,1075,2170,1070,122175
13,785,2275,780,2270,780,2265,350,2260,350,2255,350,2250,350,2245,350,2240,350,2235,335,2230,325,2225,320,2220,315,2215,315,2210,320,2205,325,2200,410,2195,530,2190,535,2185,540,2180,645,2175,645,2170,645,2165,645,2160,645,2155,650,2150,655,2150,655,2155,740,2160,740,2165,740,2170,1310,2175,1330,2180,1330,2185,1325,2190,1375,2195,1375,2200,1340,2205,1430,2210,1465,2215,1465,2220,1460,2225,1480,2230,1480,2235,1425,2240,1410,2245,1410,2250,1405,2255,1405,2260,1400,2265,1400,2270,785,132275
