1,1305,410,405,405,400,400,345,395,345,390,345,385,345,380,345,375,345,370,710,370,1535,375,1545,380,1675,385,1675,390,1675,395,1685,400,1685,405,1620,1410
2,1070,450,420,445,345,440,355,435,360,430,355,425,360,420,360,415,1235,415,1610,420,1670,425,1670,430,1670,435,1685,440,1685,445,1565,2450
3,1440,495,950,490,660,485,345,480,340,475,340,470,345,465,445,460,445,455,800,455,1510,460,1585,465,1685,470,1685,475,1680,480,1680,485,1675,490,1670,3495
4,1135,535,700,530,345,525,345,520,345,515,345,510,345,505,405,500,1260,500,1490,505,1660,510,1685,515,1680,520,1680,525,1675,530,1675,4535
5,765,575,635,570,345,565,340,560,340,555,345,550,435,545,510,540,840,540,1680,545,1680,550,1680,555,1680,560,1680,565,1680,570,1250,5575
6,1195,620,385,615,385,610,360,605,360,600,345,595,345,590,345,585,1420,585,1440,590,1490,595,1490,600,1490,605,1500,610,1480,615,1475,6620
7,1205,840,1200,835,1200,830,1200,825,350,820,345,815,345,810,350,805,375,800,375,795,265,790,250,785,250,780,250,775,250,770,250,765,245,760,245,755,245,750,245,745,245,740,245,735,245,730,245,725,735,720,740,715,825,710,935,710,1620,715,1620,720,1620,725,1620,730,1620,735,1620,740,1620,745,1620,750,1620,755,1620,760,1620,765,1635,770,1635,775,1640,780,1640,785,1860,790,1655,795,1655,800,1205,805,1210,810,1210,815,1210,820,1210,825,1210,830,1210,835,1210,7840
8,860,945,405,940,405,935,415,930,415,925,415,920,240,915,240,910,260,905,255,900,250,895,245,890,245,885,245,880,255,875,275,870,275,865,270,860,270,855,270,850,270,845,265,840,270,835,445,830,445,825,1310,825,1325,830,1415,835,1415,840,1415,845,1415,850,1415,855,1415,860,1415,865,1605,870,1605,875,1590,880,1595,885,1600,890,1605,895,1610,900,1610,905,1630,910,1630,915,1625,920,1620,925,1615,930,1610,935,1080,940,1075,8945
9,950,1065,395,1060,390,1055,390,1050,425,1045,420,1040,305,1035,295,1030,285,1025,255,1020,245,1015,240,1010,255,1005,255,1000,255,995,255,990,255,985,255,980,255,975,255,970,255,965,680,960,910,955,915,950,1380,950,1385,955,1485,960,1490,965,1490,970,1465,975,1465,980,1465,985,1465,990,1465,995,1470,1000,1470,1005,1475,1010,1475,1015,1480,1020,1490,1025,1490,1030,1490,1035,1490,1040,1490,1045,1115,1050,1115,1055,1110,1060,970,91065
10,1115,1195,525,1190,520,1185,565,1180,565,1175,560,1170,560,1165,555,1160,245,1155,245,1150,240,1145,240,1140,240,1135,240,1130,240,1125,245,1120,635,1115,635,1110,635,1105,635,1100,635,1095,640,1090,640,1085,645,1080,645,1075,650,1070,655,1070,770,1075,1660,1080,1665,1085,1660,1090,1660,1095,1660,1100,1660,1105,1660,1110,1660,1115,1660,1120,1660,1125,1665,1130,1710,1135,1705,1140,1855,1145,1855,1150,1695,1155,1690,1160,1690,1165,1685,1170,1685,1175,1680,1180,1675,1185,1120,1190,1120,101195
11,410,1300,410,1295,410,1290,410,1285,410,1280,295,1275,290,1270,265,1265,260,1260,245,1255,240,1250,235,1245,235,1240,235,1235,235,1230,240,1225,240,1220,275,1215,275,1210,380,1205,380,1200,380,1195,380,1190,385,1190,1320,1195,1750,1200,1750,1205,1745,1210,1745,1215,1745,1220,1745,1225,1745,1230,1745,1235,1745,1240,1795,1245,1795,1250,1795,1255,1795,1260,1790,1265,1780,1270,1775,1275,1780,1280,1785,1285,1045,1290,410,1295,410,111300
12,1280,1440,725,1435,250,1430,245,1425,245,1420,240,1415,240,1410,240,1405,240,1400,235,1395,235,1390,235,1385,235,1380,235,1375,235,1370,235,1365,235,1360,240,1355,400,1350,405,1345,500,1340,500,1335,500,1330,500,1325,500,1320,505,1315,850,1310,855,1305,1195,1300,1200,1300,1200,1305,1425,1310,1550,1315,1550,1320,1550,1325,1550,1330,1550,1335,1550,1340,1550,1345,1550,1350,1550,1355,1645,1360,1685,1365,1730,1370,1725,1375,1725,1380,1720,1385,1720,1390,1715,1395,1715,1400,1710,1405,1710,1410,1705,1415,1705,1420,1700,1425,1700,1430,1700,1435,1300,121440
13,1145,1540,1145,1535,1145,1530,1150,1525,1150,1520,280,1515,245,1510,240,1505,240,1500,240,1495,240,1490,240,1485,240,1480,240,1475,360,1470,360,1465,360,1460,360,1455,360,1450,360,1445,360,1440,365,1435,500,1430,1630,1430,1630,1435,1655,1440,1655,1445,1655,1450,1655,1455,1655,1460,1655,1465,1655,1470,1660,1475,1660,1480,1660,1485,1680,1490,1685,1495,1690,1500,1695,1505,1700,1510,1700,1515,1485,1520,1155,1525,1150,1530,1150,1535,1145,131540
14,655,1665,650,1660,645,1655,645,1650,670,1645,670,1640,670,1635,415,1630,330,1625,255,1620,250,1615,250,1610,250,1605,250,1600,245,1595,245,1590,245,1585,245,1580,245,1575,245,1570,250,1565,640,1560,640,1555,640,1550,640,1545,645,1540,645,1535,980,1535,980,1540,985,1545,1300,1550,1400,1555,1400,1560,1580,1565,1585,1570,1585,1575,1585,1580,1585,1585,1585,1590,1585,1595,1690,1600,1695,1605,1695,1610,1695,1615,1690,1620,1685,1625,1675,1630,1680,1635,1690,1640,1695,1645,1065,1650,1060,1655,675,1660,675,141665
15,1290,1790,1290,1785,355,1780,350,1775,350,1770,350,1765,345,1760,345,1755,280,1750,275,1745,260,1740,255,1735,250,1730,250,1725,245,1720,245,1715,250,1710,255,1705,455,1700,455,1695,455,1690,455,1685,455,1680,455,1675,790,1670,790,1665,795,1660,800,1660,955,1665,1525,1670,1750,1675,1755,1680,1755,1685,1755,1690,1755,1695,1750,1700,1750,1705,1750,1710,1745,1715,1745,1720,1745,1725,1740,1730,1740,1735,1745,1740,1745,1745,1745,1750,1745,1755,1750,1760,1750,1765,1750,1770,1575,1775,1295,1780,1295,1785,1290,151790
16,1350,1940,1350,1935,1340,1930,1340,1925,1340,1920,1335,1915,1325,1910,455,1905,460,1900,460,1895,460,1890,465,1885,465,1880,465,1875,250,1870,245,1865,245,1860,240,1855,245,1850,245,1845,250,1840,255,1835,265,1830,405,1825,405,1820,405,1815,405,1810,400,1805,400,1800,400,1795,405,1790,1160,1790,1165,1795,1745,1800,1745,1805,1745,1810,1745,1815,1745,1820,1745,1825,1745,1830,1745,1835,1745,1840,1745,1845,1745,1850,1750,1855,1750,1860,1750,1865,1750,1870,1675,1875,1675,1880,1675,1885,1670,1890,1670,1895,1615,1900,1610,1905,1355,1910,1355,1915,1355,1920,1355,1925,1355,1930,1355,1935,1350,161940
17,1000,2030,1000,2025,1000,2020,1005,2015,1005,2010,1010,2005,1010,2000,1015,1995,340,1990,255,1985,250,1980,270,1975,260,1970,255,1965,250,1960,250,1955,255,1950,295,1945,295,1940,290,1935,290,1930,290,1925,290,1920,290,1915,290,1910,400,1905,830,1900,830,1895,835,1890,840,1890,845,1895,845,1900,1540,1905,1540,1910,1535,1915,1535,1920,1535,1925,1535,1930,1535,1935,1535,1940,1535,1945,1540,1950,1540,1955,1670,1960,1735,1965,1735,1970,1735,1975,1735,1980,1730,1985,1730,1990,1725,1995,1015,2000,1015,2005,1010,2010,1010,2015,1005,2020,1005,2025,1000,172030
18,320,2150,320,2145,320,2140,320,2135,325,2130,325,2125,330,2120,330,2115,335,2110,330,2105,255,2100,250,2095,250,2090,250,2085,250,2080,350,2075,545,2070,560,2065,560,2060,560,2055,560,2050,560,2045,560,2040,560,2035,560,2030,560,2025,565,2020,565,2015,570,2015,570,2020,1515,2025,1515,2030,1620,2035,1620,2040,1620,2045,1620,2050,1620,2055,1620,2060,1620,2065,1620,2070,1700,2075,1695,2080,1690,2085,1690,2090,1690,2095,1690,2100,1690,2105,1690,2110,1690,2115,1690,2120,1595,2125,1595,2130,1595,2135,1595,2140,1590,2145,1130,182150
19,785,2265,775,2260,775,2255,780,2250,830,2245,565,2240,560,2235,275,2230,250,2225,245,2220,240,2215,235,2210,235,2205,235,2200,260,2195,375,2190,385,2185,530,2180,525,2175,525,2170,525,2165,530,2160,530,2155,535,2150,680,2145,685,2145,685,2150,685,2155,685,2160,685,2165,690,2170,855,2175,865,2180,865,2185,840,2190,845,2195,855,2200,860,2205,865,2210,870,2215,875,2220,875,2225,870,2230,865,2235,855,2240,835,2245,835,2250,835,2255,830,2260,810,192265
