2,1835,710,1830,705,1830,700,1890,695,1885,690,1885,685,1880,680,1875,675,1875,670,1870,665,1865,660,1865,655,1860,650,1855,645,1855,640,1850,635,1845,630,1845,625,1840,620,1835,615,1830,610,400,605,400,600,400,595,1235,590,815,585,795,580,790,575,790,570,790,565,790,560,800,555,810,550,820,545,820,540,820,535,820,530,815,525,810,520,795,515,790,510,790,505,790,500,810,500,815,505,815,510,820,515,825,520,825,525,1115,530,1120,535,1125,540,1130,545,1680,550,1680,555,1685,560,1685,565,1725,570,1730,575,1735,580,1825,585,1830,590,1835,595,1835,600,1835,605,1840,610,1845,615,1850,620,1855,625,1855,630,1860,635,1860,640,1865,645,1870,650,1875,655,1875,660,1880,665,1880,670,1885,675,1890,680,1895,685,1895,690,1895,695,1895,700,1895,705,1890,2710
3,1325,715,1315,710,1630,705,95,700,95,695,95,690,0,685,0,680,620,675,615,670,705,665,445,660,600,655,600,650,575,645,250,640,255,635,255,630,805,630,825,635,825,640,820,645,815,650,810,655,815,660,920,665,935,670,1640,675,1635,680,1635,685,1635,690,1635,695,1635,700,1630,705,1320,710,1330,3715
4,1370,830,520,825,520,820,1180,815,865,810,860,805,720,800,750,795,525,790,525,785,215,780,190,775,385,770,625,765,635,760,815,755,820,750,905,750,1290,755,1290,760,1290,765,880,770,885,775,890,780,1330,785,1365,790,1370,795,1370,800,1720,805,1720,810,1720,815,1535,820,1540,825,1380,4830
5,960,1030,960,1025,960,1020,955,1015,955,1010,955,1005,950,1000,950,995,950,990,945,985,940,980,310,975,305,970,305,965,300,960,295,955,295,950,290,945,290,940,285,935,285,930,155,925,150,920,285,915,285,910,280,905,275,900,275,895,275,890,275,890,280,895,285,900,320,905,325,910,330,915,330,920,715,925,725,930,1475,935,1475,940,1470,945,1450,950,1445,955,1585,960,1590,965,1685,970,1685,975,1685,980,1680,985,1630,990,955,995,960,1000,960,1005,965,1010,965,1015,965,1020,965,1025,965,51030
6,300,1145,75,1140,100,1135,95,1130,105,1125,795,1120,795,1115,110,1110,115,1105,525,1100,525,1095,525,1090,525,1085,525,1080,525,1075,525,1070,415,1065,415,1060,410,1055,410,1050,405,1045,400,1040,395,1035,480,1035,665,1040,715,1045,1185,1050,1185,1055,1500,1060,1510,1065,1720,1070,1720,1075,1690,1080,1670,1085,1675,1090,1675,1095,1675,1100,1680,1105,1685,1110,1690,1115,1690,1120,835,1125,835,1130,835,1135,830,1140,300,61145
7,1160,1330,305,1325,300,1320,295,1315,830,1310,825,1305,820,1300,720,1295,765,1290,765,1285,470,1280,620,1275,645,1270,405,1265,520,1260,1285,1255,140,1250,1455,1245,1430,1240,140,1235,135,1230,135,1225,1130,1220,1095,1215,1040,1210,1035,1205,1035,1200,1030,1195,1030,1190,1030,1185,1030,1180,1035,1180,1055,1185,1090,1190,1410,1195,1420,1200,1425,1205,1425,1210,1425,1215,1425,1220,1520,1225,1620,1230,1620,1235,1620,1240,1710,1245,1570,1250,1655,1255,1310,1260,1315,1265,1315,1270,1320,1275,1320,1280,1320,1285,1310,1290,1150,1295,1280,1300,1300,1305,1345,1310,1350,1315,1350,1320,1360,1325,1315,71330
8,1625,1425,1625,1420,1625,1415,1625,1410,1625,1405,1625,1400,1620,1395,1620,1390,1620,1385,1615,1380,1615,1375,1610,1370,710,1365,705,1360,700,1355,695,1350,1565,1345,1565,1340,1565,1335,1595,1335,1645,1340,1695,1345,1730,1350,1735,1355,1750,1360,1750,1365,1745,1370,1625,1375,1625,1380,1630,1385,1630,1390,1630,1395,1635,1400,1635,1405,1635,1410,1635,1415,1635,1420,1630,81425
10,230,1560,220,1555,215,1550,120,1545,210,1540,205,1535,205,1530,420,1525,420,1520,420,1515,330,1510,420,1505,425,1500,430,1495,370,1490,375,1485,385,1480,975,1475,970,1470,1395,1470,1400,1475,1405,1480,1410,1485,1415,1490,1430,1495,1475,1500,1480,1505,1540,1510,1545,1515,1625,1520,1630,1525,1550,1530,970,1535,975,1540,775,1545,775,1550,780,1555,240,101560
11,1585,1670,1575,1665,795,1660,790,1655,665,1650,660,1645,575,1640,560,1635,560,1630,560,1625,560,1620,560,1615,555,1610,555,1605,155,1600,150,1595,1065,1590,1055,1585,1270,1580,1275,1575,1280,1575,1280,1580,1425,1585,1415,1590,1410,1595,1375,1600,1375,1605,1375,1610,1405,1615,1410,1620,1425,1625,1505,1630,1510,1635,1665,1640,1660,1645,1710,1650,1725,1655,1760,1660,1765,1665,1590,111670
12,250,2045,245,2040,245,2035,210,2030,980,2025,980,2020,975,2015,540,2010,930,2005,900,2000,785,1995,785,1990,785,1985,770,1980,675,1975,670,1970,765,1965,525,1960,520,1955,555,1950,550,1945,355,1940,540,1935,535,1930,535,1925,535,1920,1220,1915,1220,1910,1045,1905,365,1900,140,1895,145,1890,935,1885,880,1880,880,1875,880,1870,880,1865,880,1860,855,1855,675,1850,670,1845,875,1840,875,1835,515,1830,875,1825,825,1820,510,1815,505,1810,820,1805,820,1800,820,1795,820,1790,820,1785,305,1780,180,1775,305,1770,790,1765,780,1760,775,1755,770,1750,765,1745,760,1740,760,1735,755,1730,755,1725,755,1720,755,1715,1225,1710,1220,1705,1590,1700,1605,1700,1605,1705,1605,1710,1605,1715,1600,1720,1605,1725,1605,1730,1605,1735,1600,1740,1605,1745,1605,1750,1605,1755,1130,1760,1125,1765,1120,1770,1120,1775,985,1780,1025,1785,1295,1790,1305,1795,1310,1800,1310,1805,1305,1810,1475,1815,1480,1820,1480,1825,1685,1830,1680,1835,1680,1840,1685,1845,1680,1850,1685,1855,1690,1860,1695,1865,1700,1870,1700,1875,1695,1880,1070,1885,1215,1890,1220,1895,1330,1900,1345,1905,1465,1910,1470,1915,1685,1920,1680,1925,1520,1930,1475,1935,1680,1940,1725,1945,1720,1950,1710,1955,1580,1960,1750,1965,1750,1970,1745,1975,920,1980,945,1985,1100,1990,1215,1995,1220,2000,1140,2005,1195,2010,1190,2015,1190,2020,1190,2025,1495,2030,1490,2035,995,2040,250,122045
13,705,2440,680,2435,660,2430,625,2425,590,2420,585,2415,580,2410,580,2405,580,2400,580,2395,255,2390,240,2385,240,2380,235,2375,235,2370,235,2365,230,2360,230,2355,225,2350,225,2345,220,2340,210,2335,210,2330,215,2325,220,2320,240,2315,845,2310,845,2305,845,2300,580,2295,585,2290,655,2285,630,2280,450,2275,305,2270,315,2265,415,2260,415,2255,360,2250,170,2245,165,2240,990,2235,965,2230,875,2225,870,2220,950,2215,915,2210,915,2205,985,2200,620,2195,600,2190,430,2185,420,2180,415,2175,415,2170,420,2165,275,2160,245,2155,240,2150,430,2145,430,2140,430,2135,430,2130,430,2125,1265,2120,1265,2120,1265,2125,1385,2130,1430,2135,1430,2140,1460,2145,1470,2150,1475,2155,1665,2160,1670,2165,1725,2170,1730,2175,1585,2180,1115,2185,1750,2190,1745,2195,1700,2200,1700,2205,1175,2210,1200,2215,1225,2220,1440,2225,1465,2230,1450,2235,1495,2240,1735,2245,1740,2250,1745,2255,1750,2260,1755,2265,1755,2270,1755,2275,1030,2280,1030,2285,1035,2290,1035,2295,1035,2300,1035,2305,1310,2310,1455,2315,1455,2320,1460,2325,1415,2330,1405,2335,1440,2340,1445,2345,1320,2350,1320,2355,1440,2360,1445,2365,1090,2370,1090,2375,1090,2380,1085,2385,660,2390,660,2395,660,2400,665,2405,700,2410,705,2415,725,2420,730,2425,745,2430,745,2435,745,132440
15,1425,2670,1205,2665,1200,2660,1110,2655,1100,2650,1095,2645,1030,2640,1030,2635,850,2630,1095,2625,790,2620,760,2615,760,2610,760,2605,685,2600,685,2595,685,2590,690,2585,690,2585,1135,2590,1135,2595,1135,2600,1125,2605,1125,2610,1135,2615,1160,2620,1165,2625,1170,2630,1195,2635,1200,2640,1200,2645,1310,2650,1310,2655,1310,2660,1500,2665,1435,152670
